21.103271972976177	948.7568496247512	45.53201472861058
12.555634785129396	955.8948923062727	454.6063703312092
15.390384161143508	140.07786253447793	427.4279716357205
62.4958481327006	70.42806763857041	170.45605848592075
16.30056600220103	751.0358728119156	88.86238746465234
12.028043729099995	319.1474394100215	366.09515832644297
11.620653368252722	799.7677122718607	352.56684257982874
18.866319177290865	427.98818569053884	166.45658852610063
10.084321972053797	963.9817711164542	130.1380704061579
10.955423737451113	701.3618008849028	448.7382636084981
10.439320992620182	197.07677002957934	417.42259520825894
10.897995130101961	333.4548620259477	396.08215402453726
10.542668219586638	849.1795793415545	199.40696154274931
29.485844984147057	829.4502647271298	91.42507270359194
15.367402778857716	726.2186947700479	471.6522700450073
11.428912400063387	589.7350390620198	288.149432891325
30.03317696048347	873.1958539421337	247.1403200226882
11.229897575384832	199.66156404020305	367.1468105355595
17.579579917831495	701.7274089478409	268.86767165948504
12.174069646458426	768.4910399342224	376.5617723675772
12.521297118656191	79.56664042269081	285.9990101237487
10.354481358085796	898.5236524916731	176.98264866039804
28.915731528119316	945.8776521412804	314.78736517131773
12.896470670950109	288.4867775928619	253.70327490995498
11.829889157729891	531.6824398853804	152.68188496124816
12.999411072380141	421.7883629556242	211.69928048811698
12.459015149392403	225.8702322564227	432.33078302265733
12.044998255280388	280.3457380618361	291.3400386374188
12.148496013050451	674.3400313927143	27.820624888209867
13.942645483868239	453.1598091430329	401.61491257955305
15.614103987304912	84.81081768591888	36.99936847312668
19.05536465003021	675.7104486789098	310.5117281993868
10.090178832971219	877.290877373218	32.75532898442806
13.290519578866089	490.63621346552833	411.83819218217434
10.952440364146	45.129124848800814	255.84022871216456
10.625445093562123	709.3110368607024	23.12095631573652
27.07751940868517	686.9601656439526	76.18452191038263
11.039004923535689	848.5797192085809	360.2529359966213
10.62667382909985	449.23893668792385	289.6759655014946
10.963057577735286	475.8867853461663	245.67120457466763
12.465997022290434	111.77025656983052	404.7443237630012
10.335280142300086	571.7370226803339	252.53253490460665
15.79615845178446	410.3063691949147	250.07542147143218
10.551265317493883	589.536622298523	109.48638627722603
11.474117650401741	350.89940464681547	423.3431292649219
11.884904529582041	585.2108894826376	25.47034965445635
10.808315121551946	39.72315043329521	41.579254135866876
10.023039736333558	302.4712562205563	100.98145198657335
21.613464252699952	273.2263263084634	124.04581171548621
10.601778665274635	398.67172722953734	65.8699303058888
10.776599445614892	818.755041625376	257.4974298452786
21.43153477897753	247.9001800218035	168.56529692761615
34.67097027889525	841.2802189167148	418.82774721800075
13.367333155578326	224.15254639467898	208.34561807598945
13.496584260060132	61.43860789247889	320.2031465228714
25.73464227059513	602.4825317674461	381.8320184253401
11.030172980277094	739.6313694727061	419.49979983418956
15.491895461194428	294.83415417358583	388.2097701775882
25.022594348191287	832.3944301127093	307.83939355909314
12.448722246959075	777.163264167621	122.85074981260506
10.911686811295244	755.7044463844454	233.715032818821
10.175212639347409	806.0938880876708	138.6654685991178
10.1505249454998	69.87007135180883	355.8538213576726
16.07188178425227	27.871380474299798	88.38954486643942
14.642290831463642	919.9259534492662	358.28215476471485
30.896095284407576	362.90970157086565	211.30876931722275
10.04487639971453	75.16696487140267	382.3792075904144
10.366680179310773	650.0016034663345	228.30057023762015
10.712041568143722	754.9369636935529	52.46332863016686
11.683846214242005	236.41552703655236	317.4877494435794
11.852259395041056	606.2792858292961	322.2799595864042
10.927807859561195	152.3979673769455	306.3447757719631
10.817021582841434	221.5470102277832	459.1000183665535
17.673591978045536	670.4074225413257	367.47997964521886
11.224085650698898	903.7045702958702	408.9659582162813
18.703136971940516	191.13357628300759	131.40609031487097
10.027830347261542	302.5261091245381	173.3813099922677
10.338529815683193	593.2602614978058	56.13705361370306
20.122122326554024	528.093771604669	341.6390923090093
10.255928656821364	252.06968450819255	263.5031253885998
11.469211219347965	759.2395436368965	153.81082543621145
11.081431473532055	812.6177654318004	168.62512454678733
38.659572016165804	276.014656006561	456.05973416754114
10.13278445092845	45.186541953457905	289.79210973968486
10.636467300137218	937.8477042416466	228.27034822999298
11.575250490857794	762.0138124255973	443.0854140367053
10.307682871340804	505.2360221710247	379.86476499339096
10.580368123746837	729.9268280909225	116.3712094822287
11.023029108670062	705.4873644443156	365.59440699719835
14.628355282628183	399.50448109370006	469.92917718260355
13.555655830367993	664.6789784657852	121.56051430452551
10.449640064414867	808.4396413096674	460.1988124349758
14.680837266352212	55.340490622295874	410.44666621762326
10.022605404052392	199.04351370316505	221.44003017590074
19.96416238394938	921.9695381267394	95.98491551693408
14.937063800135043	872.8569542630759	472.82295160309076
10.52043289796792	240.80208597412573	403.7584783102325
11.381199094110325	586.6741480135227	422.00674439023857
12.108008971994105	132.86365834805997	229.56577384178783
15.84215853788977	876.2989219304181	67.88811939496048
10.934197237240248	266.3830333778246	203.43383843617227
14.91867739341238	178.74711579879585	447.7463518350855
14.955798223381219	789.3301002584465	275.6338876841858
10.08908652855509	876.0394918635293	112.06639666764607
17.09892352699265	758.0563694254337	188.2997919356697
16.169831309934423	252.62129754675286	351.8051308257433
17.86127091008423	958.2296097831254	373.9146784871871
15.007534077068701	315.9841551845356	135.8684476288334
13.92153949455204	903.8823635050998	450.42956820410944
13.14486622982656	296.4355283581376	21.80731376940173
12.314263688944667	349.8264367897025	260.6260903690848
10.260582517488617	750.501860893016	18.539488574452548
17.863170330728998	902.9873338103911	141.06291186886293
28.236755135285783	327.48199432866033	60.686665379849615
10.658034131356695	715.5420053280211	194.57788445436523
11.99999438934986	760.2740609266335	288.8109107219991
11.265292859742026	622.9830123443744	16.42939831207837
15.054694878298953	821.5017620469401	22.6340036958332
28.45289888718973	348.28996736113123	309.1617035597162
10.848662396124901	369.89576853595344	135.34652818330912
16.15039769778522	387.84043508465135	371.2830822446064
11.403936620820971	753.5740107504988	322.57300680788256
10.703186858377073	578.2676434963602	76.93773940862019
10.271380066170225	979.4684299809087	100.24435024731537
11.255205399405753	299.6163275198037	202.46555258362235
15.718444378572876	570.1769151524667	139.57866301160925
12.506777425518102	774.0436817030248	406.3574959703245
14.387376264962645	615.0878635367206	468.5331444680421
15.806887910444143	910.1874819683313	25.934863306673265
13.181463208814215	588.9223563611399	168.94220183618762
12.260134983635178	80.52572792374554	251.81157708496758
11.01621136124177	124.69760781996413	102.87845191620934
12.54318084348646	963.8774544409395	165.51790664504492
14.081540193815567	84.10571075597144	470.90713845435107
21.68318448455416	456.29457486402225	26.201165291811492
12.305062416331445	554.5439038572702	480.45739742269006
14.7212387295989	429.9907362550479	63.57194801431829
16.792195479175774	80.4817522052963	87.5683095568714
10.178145517436548	654.7673770334378	404.5330065079497
14.269874758912817	678.2959619745383	427.51945995016047
16.913519828033024	197.0675500369541	319.73505559710645
23.311707233119296	221.85330203061417	37.72411545735798
10.49389797651633	118.27769111276841	453.21802113655457
19.501237274708515	962.7348134727764	263.37748688261735
11.555033986761769	759.4852236383357	479.52508007997267
12.272673401330431	198.93128083566688	85.84394641136198
11.161370823043494	46.4899935785531	378.7250731222905
13.909666758812316	962.2396950808168	207.78029332547825
11.417796516974242	427.6967155486652	95.73201211416063
18.507194205250414	485.14900703267153	464.33280621386484
11.021764879495684	564.8484146863626	308.45153005479494
15.66001652530666	165.03032644252	40.758915316548666
12.2616913036556	743.6177718820488	351.1379643345606
12.420170364160015	198.76524218891643	178.89056840244294
13.928813786367208	52.727951729182436	444.0313779863578
19.437462669836858	708.6198129777114	143.7452989043979
12.427011331517484	703.282402148207	225.6958736082744
11.351368242456385	351.30258515474424	456.3252167029361
16.296174476245646	703.1813564074537	401.37623161766106
11.477229592333973	177.84106586177447	247.2747132038749
11.57028526695296	195.4431366525203	483.4079530359889
11.869334217157938	572.5146752979982	457.5577733930946
17.414046326615246	717.5937286586219	313.73375110447637
12.868444891258523	838.3983563438485	142.83035798972682
12.284173852087923	762.4863776956297	260.4329043599473
11.030752845822914	837.505511711617	477.50564281535947
12.900357313194057	522.3982745066577	435.46813205500234
13.913359625833206	655.5320722733412	162.21449621102843
10.094448602367015	234.24118387347414	78.58433224796383
12.467063304717382	600.7161632882464	202.70594277979086
11.104056115742498	788.6128216938724	16.295239068877642
10.189992420672638	931.7406479212257	396.0821079481251
10.016753906530552	777.7798015769737	64.80541500347198
12.223592233892731	558.4177085331527	15.976774921667179
10.519672893053642	567.7314075761931	46.12816297668587
12.162998477156673	435.12671787138373	124.02894728197086
11.400813171576129	547.0771454782628	398.4532665725296
16.887875304191095	622.3263302741274	79.95612141225772
10.119445836000867	600.1584013317773	237.76774762359716
10.686653306189273	664.5640806871157	256.0035846750692
10.822570943562706	237.51432917505997	111.00699647169968
11.819361582078912	678.5552118587584	472.30225454864683
15.04702073955447	626.4485357078414	253.2316191646835
10.01239358084023	504.2290765128134	25.207549208795513
10.488637985341382	109.42160052982061	270.04742255781434
11.396883528185587	855.7980980974064	166.5724354029328
16.079247210433106	101.70047433753557	323.08002828659005
13.771728457489413	82.29578535083955	431.82695568610103
13.737820872953678	351.90441543344866	366.09231418664274
11.502615949104825	112.35260823765003	364.6617859778943
14.618749838370618	488.5568260350441	90.03204305608114
15.156088315639213	912.1462004323098	204.9691234890282
11.1189521344802	613.9027518693678	123.34428271660278
10.133262892702753	52.5618477623815	13.600006214496858
12.097257427879384	206.05300136687163	261.57541174330544
10.265549302520082	488.2946113543359	47.012559077861965
17.712191107279175	290.1100390608184	335.2288525439538
13.158280668039492	890.8042242176454	301.32407657402797
10.074528868375555	516.3549407718189	187.19059053895091
10.84761111457663	515.2335464457592	216.3634239398492
11.84597367254339	675.9692984456625	194.07728943152193
11.736457668573461	17.586466303343013	238.98364123071357
16.317450425584845	621.9328775472077	425.60256973595295
10.270382944224163	732.4130372926079	36.87293505918421
11.689350801410272	168.71958918525078	77.85651545773783
12.433567274636463	633.7454477745807	192.85145258293548
10.501273347640613	347.763637873746	14.398107063325615
10.847887028325342	867.3969793919618	139.63521966670774
10.309430338045109	920.0190526629038	481.1123154828226
10.50297894249766	649.972260091543	440.0034952984154
21.53364382545746	395.4962478958682	424.6398319368635
10.056125441585735	176.40864660271046	197.35494654491777
10.43179979034081	21.223658135413807	469.6930926542183
10.312676942897616	796.2887898767576	45.9918685785668
11.298308503882172	278.6770958762171	56.762218241387956
15.80626433735076	542.7959666520549	68.4103644485875
14.420964811875121	382.43636134942943	92.1294491807806
10.096493701572143	802.0538440641911	385.7745137311449
10.771170660064303	159.32135027803776	157.4585569264105
10.925992449949637	130.73201915676344	482.39895264923405
15.512672529032123	879.3039981742451	332.91854365020924
13.869393370403307	964.2619930169653	410.8661431613054
11.331873065360899	551.9313823227501	99.71765226630913
10.31568066320392	827.9413945444525	217.89026851778613
13.643935182827182	386.10816399755157	19.93662242268427
10.863764672731254	384.76049850323216	166.7487894735954
11.081073262517076	408.4982177585696	134.78169823933408
13.333598707697513	355.48351710622353	163.28219454973842
10.993891963866215	489.33867910378865	124.33985613356614
13.726410856035564	523.9929518167883	466.1447456187097
10.479579819983204	285.89662629353325	82.16334737900117
10.249282425226543	153.34508357409996	108.13087856678574
10.204731287823314	244.66722310413581	230.62490259562796
10.603643110778497	578.0568095676323	337.25890026433996
12.425464555155708	147.7671305640248	194.13531517182247
11.494137721824714	438.1568523162048	341.0629229242185
10.266749470148671	34.47454004013163	334.85197532773003
11.78802574224203	540.0625841114611	200.10508615540576
11.323577681416726	626.2859752043781	149.24931086212067
17.07247407798662	132.87106491751382	21.958113225118495
11.665361698542668	350.40303261877574	109.09108665749073
17.24112535266732	481.69282042386834	162.24953889841228
10.416716390615173	480.86005224967295	273.7180511530988
19.810290854328695	440.5753127187588	444.4989447379118
12.98180601996685	511.8418692012455	251.88559581127708
11.341484342410652	497.2128795407188	305.367532661154
10.106717930500844	538.2109479875355	36.06467586468995
11.158002772528985	156.42293508165167	268.2846327010238
11.410112192079758	969.5280829379509	15.448012057124645
10.236782381964558	361.2818044137573	398.081774370369
11.510826545876007	114.3701517654432	51.298448545844614
11.408791456281904	649.2349397754346	284.08290481899417
18.342835046715056	533.9439644965361	282.5172407319427
10.402877891903145	121.22616822462871	77.13727387049069
10.45870533477993	221.13220863067278	287.33017952147327
12.791751924823597	485.6834876744956	201.424946317709
10.884404969944816	482.98887598868896	337.69558534502
10.363276390813914	480.291710325838	368.137606392116
10.470496704389427	919.1744171881525	261.2640858327075
10.931879668703232	912.2681391671027	59.51689925694246
10.443366488792659	638.9624545999561	44.17020880761888
10.10989029666833	977.5185347068305	480.2000310210749
10.074362781773065	212.55983951848881	393.73279268598304
12.817867144642268	797.945442619971	195.9920284698964
13.053819377819753	434.81579598164444	372.83042739730456
10.76153861705367	565.1571598721048	220.41952715110364
10.789316155900678	989.1869481515644	35.21456324428497
11.22697939513314	940.2233964778254	147.38099941174949
10.593939775074045	879.8203073465847	372.24936851697305
10.975571598313463	330.4944016775177	479.59866273970783
13.88110487749153	983.5573654402184	70.5898337297319
11.297739442969348	621.9605171304474	294.6545127921427
10.360682198347549	932.8726124976724	180.9764265267831
10.154935859220704	849.7439614749131	34.707925810421045
10.78253210324206	535.6157851495589	123.86002538524038
13.973124166584261	166.1683061636805	395.92075901328747
12.931744400975187	773.3447414630502	343.9980122394409
12.867029882381702	171.31818234081115	350.86030965849443
12.821426792659876	637.1342883470434	331.19204831628423
12.728912084852448	442.00252144441845	240.69000778006148
10.296699492924496	29.823307919354463	425.7374391097903
12.806448003223117	454.6161786770311	208.28076523446265
11.56443409074483	785.340513784781	226.78150889429068
10.620033480931417	405.24589066261495	292.96291249278283
10.90800067496273	468.66509896871383	309.0754642728925
10.454718941820357	581.8835801434149	482.56022469563624
11.691567533155926	925.6405165413523	428.08172614641273
10.901825657054939	19.125989596610975	15.155397171373476
10.144541907706028	416.345134257194	14.071406293527343
13.142514629371494	180.3504250411401	287.47050215281075
10.44294647078667	14.751967434517042	45.14547093979891
11.721632042563455	124.26122267131109	297.0164748312192
11.296630781747279	393.07107468729004	324.9702920439082
10.865279768312588	727.8198032652407	241.36680355934098
11.471817032040201	448.37000589799095	480.8840434940824
11.867511475507671	786.733538201091	313.7058677689645
11.058180456714446	18.687871336282836	269.433626523431
12.026262270727262	424.0802807969128	313.7702490846415
10.270518048094901	556.3370488508651	167.16454174345716
10.233584188923917	734.7223153902664	381.00201838367036
10.638825188129434	374.60820055340463	47.829320018898244
13.114020573860717	50.99040772731317	481.3984045616748
10.193959790919319	24.990503269375488	308.310736788518
10.600656596920091	952.3229939064138	484.3648926248755
10.733645472491437	637.4822046834933	111.50521919719276
10.441884209770514	540.8452550407541	242.24515901782738
10.357994571853915	226.72581379600237	372.2771166152194
11.202783399486702	187.7766794866373	15.778423679230318
14.69678717654751	143.70768611745478	368.65927981840247
12.856906133669932	145.09312419626167	333.8395345509131
10.220320265132868	881.5164594038162	198.71216310492272
12.078660232776048	316.589106397823	225.9910782349229
10.681853988423914	58.05888902109945	61.59205206916178
11.307306885244728	368.25169367215676	479.42281978013676
11.761018258571706	156.9325212454504	476.6987501239935
11.495639486080233	735.3851502211668	215.65174699184212
10.225475606852086	163.49917946881826	218.39878755474945
12.04992679662862	380.9006249001979	269.88370674466927
